bpm=200
waittime=0.58
endtime=120
musicname=Boss
buttonnumber=4
assistdata=Assist2
--
0000
--
0000
--
0000
--
0000
--
3000
--
0000
--
0300
--
0000
--
2000
0020
--
2000
0020
--
2000
0020
--
2000
0020
--
2000
0200
--
2000
0200
--
0200
0200
--
0200
0200
--
0020
2000
--
0020
2000
--
0020
2000
--
0020
2000
--
0020
0200
--
0020
0200
--
0200
0200
--
0200
0200
--ëOëtèIÇÌÇË
0110
--
0110
0000
0020
0200
--
2000
--
2000
0000
2000
0200
--
0020
--
0020
--
0200
--
2000
0020
2000
0000
0000
0000
0000
0000
--
2020
2020
--
2020
2020
--
1010
1010
--
0101
0101
--
2020
2020
--
0200
0200
--
1001
1001
--
0110
0110
--
4000
0000
2000
0020
--
0020
0020
0200
2000
--
0300
0000
0000
0020
--
0001
0010
0100
1000
--
4000
--
4000
--
0300
--
1001
0000
0110
0000
--
4000
4000
--
4000
4000
--
4000
4000
--
4000
4000
--
4000
4000
--
4000
4000
--
4000
4000
--
4000
4000
--
2000
0020
2000
0020
0000
0020
0000
2000
--
0000
0020
0000
2000
0000
0020
0020
0000
--
2000
0020
2000
0020
0000
0020
0000
2000
--
0000
0020
0000
2000
2000
0000
0000
0000
--
2000
0020
2000
0020
0000
0020
0000
2000
--
0000
0020
0000
2000
0000
0020
0020
0000
--
2000
0020
2000
0020
0000
0020
0000
2000
--
0000
0020
0000
2000
2000
0000
0000
0000
--
1000
--
0000
--
0100
--
0000
--
0010
--
0000
--
0001
--
0000
--
1000
1000
0100
0010
--
0001
0001
0010
0100
--
1000
1000
0100
0010
--
0001
--
2000
0020
2000
0020
2000
0020
2000
0020
--
2000
0020
2000
0020
2000
0020
2000
0020
--
2000
2000
0200
0200
--
0020
0020
0200
0200
--
1000
1000
0100
0010
--
0001
0001
0010
0100
--
1000
1000
0100
0010
--
0001
--
0020
2000
0020
2000
0020
2000
0020
2000
--
0020
2000
0020
2000
0020
2000
0020
2000
--
0020
0020
2000
2000
--
0001
0010
0100
1000
--
4000
--
0000
--
4000
--
0000
--
4000
--
0000
--
4000
--
0000
0000
0000
0000
0200
0200
0200
0200
--
