bpm=200
waittime=0.55
endtime=120
--
0000
--
0000
--
0000
--
0000
--
3000
--
0000
--
0300
--
0000
--
1000
0001
1000
0001
1000
0001
1000
0001
--
2000
0020
2000
0020
2000
0020
2000
0020
--
0100
0010
0100
0010
0100
0010
0100
0010
--
0200
0200
0200
0200
0200
0200
0200
0200
--
0001
1000
0001
1000
0001
1000
0001
1000
--
0020
2000
0020
2000
0020
2000
0020
2000
--
0010
0100
0010
0100
0010
0100
0010
0100
--
0200
0200
0200
0200
0200
0200
0200
0200
--
2000
2000
0020
0020
2000
2000
0020
0020
--
1000
0100
0010
0001
1000
0100
0010
0001
--
0020
0020
2000
2000
0020
0020
2000
2000
--
0001
0010
0100
1000
0001
0010
0100
1000
--
2000
2000
0020
0020
2000
2000
0020
0020
--
2000
0200
0020
0200
2000
0200
0020
0200
--
0020
0020
2000
2000
0020
0020
2000
2000
--
4000
0000
0000
0000
0001
0010
0100
1000
--
0200
--
0200
0000
0000
0200
1000
0100
0010
0001
--
0200
0000
0000
0000
0000
0000
1001
0200
--
0000
0000
0000
0000
1001
0010
0100
1000
--
0110
0000
0000
2020
--
1300
0000
0000
3001
0000
0000
1201
0000
--
4000
0000
0000
0110
--
1001
1001
0110
0000
1001
0100
1001
0010
--
2000
2020
2000
2020
2000
2020
2000
2020
--
0020
2020
0020
2020
0020
2020
0020
2020
--
0200
0001
0200
0001
0200
0001
0200
0001
--
0200
1000
0200
1000
0200
1000
0200
1000
--
2000
2020
2000
2020
2000
2020
2000
2020
--
0020
2020
0020
2020
0020
2020
0020
2020
--
0200
0001
0200
0001
0200
0001
0200
0001
--
0200
1000
0200
1000
0200
1000
0200
1000
--
1001
0100
1001
0100
1001
0100
1001
0100
--
1001
0100
1001
0100
1001
0100
1001
0100
--
1001
0010
1001
0010
1001
0010
1001
0010
--
1001
0010
1001
0010
1001
0010
1001
0010
--
2020
2000
2020
0020
2020
2000
2020
0020
--
2020
2000
2020
0020
2020
2000
2020
0020
--
1001
0110
1001
0110
1001
0110
1001
0110
--
1001
0110
1001
0110
1001
0110
1001
0110
--
1000
1000
0001
1000
--
1000
1000
0001
1000
--
1000
1000
0001
1000
--
1000
0000
1000
0000
0001
0001
1000
0000
--
0001
0001
1000
0001
--
0001
0001
1000
0001
--
0001
0001
1000
0001
--
0001
0000
0001
0000
1000
1000
0001
0000
--‚±‚±‚©‚çƒŠƒYƒ€‚Þ‚¸
1300
3001
1300
3001
0000
0020
0000
2000
--
0000
0020
0000
2000
0000
0110
0110
1000
--
3001
1300
3001
1300
0000
0020
0000
2000
--
0000
0020
0000
2000
2000
0000
0000
0000
--
3001
1300
3001
1300
0000
0020
0000
2000
--
0000
0020
0000
2000
0000
0110
0110
0001
--
1300
3001
1300
3001
0000
0020
0000
2000
--
0000
0020
0000
2000
2000
0000
0000
0000
--
1000
--
0000
--
1100
--
0000
--
1110
--
0000
--
1111
--
0000
--
1100
1100
1010
1001
--
1001
0000
1001
0000
1001
0010
0100
1000
--
0011
0011
0101
1001
--
4000
--
2000
0020
2000
0020
2000
0020
2000
0020
2000
0020
2000
0020
2000
0020
2000
0020
--
1000
0100
0010
0001
1000
0100
0010
0001
1000
0100
0010
0001
1000
0100
0010
0001
--
1000
0100
0010
0001
1000
0100
0010
0001
--
1000
0001
1000
0001
0100
0010
0100
0010
--
1001
0000
1100
0010
1001
0010
0100
1000
--
1001
0001
1000
0001
1000
0001
1000
0001
--
0011
0011
0101
1001
--
0001
0010
0100
1000
--
2000
0020
2000
0020
2000
0020
2000
0020
2000
0020
2000
0020
2000
0020
2000
0020
--
1000
0100
0010
0001
1000
0100
0010
0001
1000
0100
0010
0001
1000
0100
0010
0001
--