2233223322332233223322
33223322332233223333
3322332233223322332233
223322332223232323
2233223322332233223322
33223322332233223333
3322332233223322332233
223322332223232323
--
2332332332332332
3323323323323322
3223223223223223
22322322232323
2332332332332332
3323323323323322
3223223223223223
22322322232323
3232323232323232
323232323232323
2323232323232323
232323232323232
332332332332332332332332
3323323323323232323
223223223223223223223223
2232232232232323232
000
000
000
000
000
0
223223323322322332332232233
2332232233233223322332233
332332232233233223223323322
3223323322322332233223322
3232323232323232
323232323230
2323232323232323
232323232320
23